My test results:
    1   1
    2   2
    3   2
    4   1
    5   2
    6   2
    7   2
    8   2
    9   2
   10   2
   11   2
   12   2
   13   2
   14   2
   15   2
   16   2
   17   2
   18   2
   19   1
   20   2
   21   1
   22   1
   23   2
   24   2
   25   2
   26   2
   27   2
   28   2
   29   1
   30   2
   31   1
   32   2
   33   1
   34   1
   35   2
   36   1
   37   2
   38   2
   39   2
   40   1
   41   2
   42   2
   43   2
   44   1
   45   2
   46   1
   47   2
   48   2
   49   1
average distance is: 1.71429

(we can see how short the distance is !!)
